2.2.2二维数组的创建与元素提取
1.1直接输入法
元素可以是数值、变量、表达式、函数
>> a1 = [1 2 3;4 5 6;7 8 9]

a1 =

     1     2     3
     4     5     6
     7     8     9

>> a2 = [1,2,3;4,5,6;7,8,9]

a2 =

     1     2     3
     4     5     6
     7     8     9

>> a3 = [1 2 3;
4 5 6;
7 8 9]

a3 =

     1     2     3
     4     5     6
     7     8     9

1.2利用matlab函数创建
全1矩阵 ones()
全0矩阵 zeros()
（0，1）区间均匀分布随机矩阵 rand()
均值为0、方差为1的便准正态随机分布矩阵randn()
2.1元素提取
利用圆括号、逗号和行、列索引号
